1764934165

1
2
Player 1
4
Capital
100
100
172
Farm
10
10
143
Farm
10
10
174
Farm
10
10
170
1
Soldier
10
10
0
0
172
4
25
6
0
6
Player 2
1
Capital
100
100
217
1
Soldier
10
10
0
0
217
4
42
0
0
0
0
0
16
15
15
0,2,2,0,0,0,0,0,0,0,0,0,0,0,2,2,2,2,0,0,0,0,0,0,0,0,0,0,2,2,0,2,2,0,0,3,3,0,0,0,0,0,0,0,2,1,1,0,0,3,3,3,0,0,0,0,0,0,0,0,1,1,1,0,0,3,3,0,0,0,0,0,0,0,0,1,1,0,0,0,0,0,0,0,0,0,0,0,0,0,0,0,0,0,0,0,0,0,0,0,0,0,0,0,0,0,0,0,0,1,1,0,0,0,0,0,3,3,0,0,0,0,0,0,1,1,1,0,0,0,0,3,3,3,0,0,0,0,0,2,2,0,0,0,0,0,3,3,0,0,0,0,0,0,2,2,2,0,0,0,0,0,0,0,0,0,0,0,0,2,2,0,0,0,0,0,0,0,0,0,0,0,0,0,0,0,0,0,0,0,0,0,0,0,0,1,0,0,0,0,0,0,0,0,3,3,0,0,0,0,1,1,0,0,0,0,0,0,0,3,3,3,0,0,0,

