1764680365
1
2
Player 1
1
Capital
100
100
116
1
Soldier
10
10
0
0
116
4
28
0
0
0
Player 2
1
Capital
100
100
163
1
Soldier
10
10
0
0
163
4
42
0
0
0
0
1
5
15
15
1,1,0,0,0,0,0,0,0,1,1,1,2,2,2,1,0,0,0,2,2,0,0,0,1,1,0,2,2,0,0,0,0,0,2,2,2,0,0,0,0,0,0,0,0,0,0,0,0,2,2,3,3,0,0,0,0,0,0,0,0,0,0,0,0,0,3,3,3,0,0,0,0,0,0,0,0,0,0,0,0,3,3,0,0,0,0,0,0,0,0,0,0,0,0,0,0,0,0,0,0,0,0,0,1,2,2,0,0,0,0,0,0,0,0,0,0,0,1,1,2,2,2,0,0,0,0,0,0,0,0,0,0,0,1,2,2,0,0,0,0,0,0,0,0,3,3,0,0,0,0,0,0,0,0,0,0,0,0,0,3,3,3,0,0,0,0,0,0,0,0,0,0,0,0,3,3,0,0,0,0,0,0,0,0,0,0,0,0,0,0,0,0,0,0,0,0,3,3,0,0,0,0,0,0,0,0,0,0,0,0,0,3,3,3,0,0,0,0,0,0,0,0,0,0,

